112302
114057
115012
112697
113347
114814
109950
110299
112499
113010
113537
117002
115734
116483
112579
75314
112373
114808
110647
111055
114015
114618
94878
109093
112462
112541
109508
112857
114558
112899
109579
109758
113028
109771
113538
76759
110367
110538
113808
117169
113948
114151
110413
108394
111161
114852
114888
114857
109040
109484
109830
113305
110091
105226
111756
113827
114047
106226
106489
106519
109443
109480
109783
106918
112966
107151
107207
110197
110265
107413
107468
107497
107818
108000
105032
108065
111201
108162
111418
108333
108358
108399
108515
110259
109403
110363
99785
117381
115509
116485
115956
48473
52572
117104
117774
113270
114894
125877
116559
113568
105737
116992
38426
111237
116905
118113
117628
61495
53459
108227
115632
107575
68646
116536
109255
116985
119214
113542
110693
32904
50419
54698
25316
53125
53604
33870
58385
47437
31381
84370
43014
33467
32143
32484
38109
42451
32599
29947
17350
38300
32022
26029
63350
43265
47162
33891
116259
115862
72951
50798
46672
38166
41890
102798
117924
116913
120107
115600
115491
39286
84865
68334
91763
101761
104348
117577
102336
116422
71853
113328
116403
84589
26465
113031
95765
109942
120121
97937
105488
80684
90605
56592
78788
86190
93191
41959
99685
78748
54215
80455
71562
81398
75686
70735
52311
50212
71315
40897
92005
77416
99334
102536
32455
38355
97493
78841
96332
87553
101458
115548
116601
107314
103644
82010
101540
74285
75005
115495
117057
119791
117666
117372
115433
96487
115471
115633
119783
104691
116240
113212
123281
116790
116754
119008
118859
120152
118064
119229
118541
119109
120087
118556
116949
57345
119896
118883
118966
120207
119874
119488
119457
120323
119349
120481
120257
118900
119592
119365
118617
112318
119352
119819
120881
120670
116845
118747
114690
120782
119942
119560
119305
118229
120906
118577
120725
120531
139362
119494
116141
73540
140688
18578
21746
26752
36868
44672
47296
82158
97239
91369
70047
99700
119910
70723
17136
54649
47478
88814
62737
77305
97053
82199
61749
77698
59113
90756
89385
97757
104990
76618
78158
38969
111359
83798
85382
120832
61184
89469
90848
91223
88323
120611
119778
94721
74512
68611
65112
44079
42994
33922
31505
30341
29811
28212
20142
19702
133361
128442
92537
95593
87810
92225
96073
98625
102558
120776
118736
120835
119802
120770
63462
119577
120791
120586
158493
24216
120595
119304
119248
91653
120863
119336
110978
92112
91991
90863
145893
128133
124298
139462
51744
74812
77189
71455
159696
120613
341315
125659
120836
37913
99422
118826
120865
120915
149723
78346
21884
50280
34398
73629
49366
158811
120663
48254
56193
90774
92068
91419
92627
144168
129111
120709
66765
80339
96244
85334
130121
105698
52602
73802
164108
120747
126810
157183
76150
169547
127296
50814
108185
73812
99558
68990
168740
68699
80179
34240
35169
61578
59260
119256
137523
203408
72742
185371
144178
67525
83254
61789
32215
56197
105156
86856
185125
144969
24852
40522
93512
105265
87091
155711
97717
160509
144715
160513
10040
124315
167423
174204
106455
64276
32590
198385
65436
107659
62281
105323
104694
134084
105414
171356
171764
74455
18773
21749
87265
9018
199290
94347
56173
62793
55353
183523
101698
49730
51411
57344
39748
92834
89994
108526
88760
78950
89003
36775
101615
91142
99871
93378
95564
89643
74958
79640
86927
160644
102898
68327
85701
104549
112634
71772
156323
71288
51818
70481
207998
154443
39631
95977
63518
38120
48347
86979
79501
89530
91635
94882
23622
200669
39404
50292
99797
38718
40580
70679
219854
60176
120903
52561
104299
105813
205461
131972
206226
65938
98384
111187
130444
233687
178050
46303
234137
216772
187696
202677
57887
32234
88024
162236
75754
54387
82307
219952
146984
180073
92106
95927
181536
200720
149624
181865
97662
72735
92546
92641
92655
92804
92854
92974
93093
93225
93278
93418
93467
93560
190524
212985
177650
191636
192071
31742
90213
100842
37800
71771
211492
55895
240913
98524
58453
152015
96875
203009
77716
48248
94142
244316
45810
48605
90770
212720
255819
228242
215139
245238
58953
45699
59124
57693
82966
84788
69467
65777
93227
48261
49966
76786
96764
94715
94739
94746
94747
94783
94889
95088
95145
95326
95993
96029
96037
91949
96280
96320
96380
96425
96945
97109
97257
97276
97438
97500
97567
97607
97626
97967
163025
123948
259442
98343
98436
98536
108517
87130
60668
80377
80402
261392
234829
233699
269341
63032
93677
50933
86352
273799
58283
80500
80549
80634
80641
243255
67093
87666
272020
246578
278102
249478
139951
68168
76342
24264
60437
80671
80715
80716
80724
283509
20697
87747
259393
90852
60714
88103
94318
35423
120737
63415
280707
45555
117653
93106
80754
268696
276501
106223
295552
69995
60200
44391
60218
75276
77199
75718
50986
80057
27286
38057
127516
80798
80836
80863
80904
80928
76276
81109
81178
81249
81259
32993
81480
81529
76729
86325
102103
98994
266391
72737
99892
93854
88931
65916
108311
110157
86397
52600
92652
121765
77523
254199
44557
56406
90570
80097
210065
87042
40823
91472
89798
254455
295178
40866
35160
82054
90799
80931
55623
270480
84133
99128
39111
171685
283832
86373
58230
93113
82362
99581
84049
42898
310793
298744
101453
86361
82081
82175
82329
82457
82507
84090
82648
82801
82910
87075
297162
42895
283644
77549
83113
83178
83189
83190
230252
293815
118767
71671
89378
83694
75968
66563
45917
42325
85794
282698
284655
109034
86978
71334
58371
308514
54417
64323
83943
83996
85852
84302
84359
84422
83107
84777
83941
84935
68441
61523
95626
266971
53337
35417
60182
50383
65054
61834
98093
94020
109327
102849
100691
290145
285861
308672
69291
66831
54759
57811
100211
54428
117959
100301
293452
60814
175777
29808
93660
58621
100053
319829
94764
73345
41792
51776
46438
91830
317950
301684
325258
304711
87384
104850
327850
86541
103882
115561
87909
59221
62190
63591
110169
45205
53593
102460
317676
165832
74802
71276
34409
56211
48956
339607
242653
333764
85426
9968
109951
65832
102034
100151
102216
104627
70849
107711
105211
150662
90180
24025
27630
26942
22286
62765
69097
30637
87892
42949
92925
102818
59084
26778
87280
167260
53133
162958
61581
37382
39302
36244
104009
63800
296042
97028
6864
67589
166158
13140
15400
60420
60827
35753
360009
354766
58930
96921
45094
44762
82516
58725
333847
36515
65780
85370
188055
282410
113725
73822
36230
48673
76734
62229
86984
73636
105327
105017
63285
50861
46268
102011
56943
38854
62480
33105
177215
50613
99850
146455
66549
70948
53976
46085
258760
60841
70518
51849
56412
17668
41699
87193
88322
73918
65481
61189
60522
77360
99399
93913
18455
189553
54462
26174
43880
48973
24368
38873
28478
32617
75612
41944
100112
17765
21890
33874
35019
77235
89160
31448
63759
66090
18051
93871
65889
46963
33774
37135
61420
54188
71565
115738
120408
22913
377752
37522
96953
37865
57681
104573
61678
45586
53622
93886
73092
87597
78437
89945
95468
23563
47216
59470
69280
99292
99623
28108
40806
64381
72848
87795
64840
67314
41268
368008
64137
64921
63634
65125
57191
57997
63803
58294
89543
52549
78975
101301
38048
385004
53644
53716
58018
59166
55069
125510
13257
15324
15624
15881
18737
22158
23293
23458
23649
23948
24593
24865
24894
25301
25898
27478
27652
27884
28683
28804
29322
31867
34449
35415
35979
37055
37077
37094
38338
38369
38913
39926
40308
40550
40636
40919
41507
42531
47123
47191
47203
47444
47677
48579
48954
49710
50168
54020
55728
56058
56194
56512
58390
58530
58724
59127
59311
59410
59798
59825
60802
61101
62425
63426
63654
64612
64886
65073
65642
65772
67023
67341
67919
68291
69958
70300
71431
71604
72933
72973
74084
74605
74870
75376
76740
76843
77294
77559
77687
85450
85838
86379
88771
89603
89689
89793
90713
90856
92337
93171
93777
94056
100029
101984
102293
102395
102609
104030
104511
104567
106504
106950
107612
109723
109816
110200
110426
113617
114437
117194
118760
119227
119657
119794
131566
161292
164538
165196
169590
169858
189456
192455
195909
200472
202381
212830
213682
234837
235198
243575
243931
244092
269389
295682
312700
320193
323332
338450
339135
372824
385017
405821
44954
119263
345032
90310
73107
45557
43255
41085
66227
73705
26421
353969
372532
79844
94979
363290
35244
418753
327210
34303
109661
31334
65513
65651
97115
120626
25919
378947
80157
78056
39937
107623
55618
91027
71502
75165
33238
95341
66904
86136
56111
287138
37465
384806
277909
41088
384369
361498
63141
40765
64541
19777
395173
397619
365109
337721
29971
344604
372784
382073
78133
26129
106613
30696
325596
122768
66154
60453
412019
43362
368774
56579
67900
332381
405422
401244
380599
36191
92240
367089
369053
443567
386140
25862
118635
228277
426155
53677
58155
200768
389957
25929
65143
58409
67535
103704
60474
34277
46000
451850
26266
96769
370754
73293
284929
414852
51713
58642
86551
59314
61695
416496
63661
43633
39437
414982
19585
425598
421994
119901
397078
384814
53750
61537
93435
69019
225481
466856
77889
72402
93743
77372
464105
364955
117715
98333
404802
410400
205725
326429
30848
449467
32155
25028
29030
35703
418832
473753
38577
51433
48037
32080
69289
32342
120088
382383
457430
462519
44040
419946
478049
489270
40367
33740
450259
59710
22550
91786
808146
366721
369359
56210
84861
60586
60287
72317
173714
67647
120186
36154
385842
81036
475937
45943
468492
101725
822854
33802
443723
114863
493247
66491
64482
39840
451070
329737
471030
32981
31235
414931
49531
100851
77904
796335
499556
923752
478134
405508
476643
857265
831884
452623
762110
357585
822849
64816
478829
759612
387114
1032856
15016
780622
61042
282599
467200
457090
813547
86102
481797
412808
73240
32007
473389
63775
11439
12752
53434
762110
357585
822849
64816
478829
759612
387114
1032856
15016
780622
61042
282599
467200
457090
813547
86102
481797
412808
73240
32007
473389
63775
11439
12752
53434
21505
888693
74312
949489
783608
452608
42692
71521
45848
870204
782867
68924
488905
1152282
1183732
977611
850669
54866
17918
233044
46384
929860
1205489
24262
52794
43476
471019
1034303
59565
101326
1157604
92732
46791
844666
69951
1322381
1287845
50652
454839
37761
1241195
26273
448179
1359583
62228
35996
56910
415679
78128
108596
51362
45886
242572
1454902
110490
75572
100624
70868
160835
923811
407008
1286800
1142972
1363127
48387
92550
110936
1423592
1010055
42179
86542
72761
1093370
25610
103190
34175
61465
73166
49843
56371
99949
96880
100879
106661
60048
1228953
79839
52954
1517595
1425244
14770
298296
87866
76297
94349
138645
81040
9932
91415
110805
40607
114432
119872
22017
93133
63417
242285
84764
139153
15687
418239
147651
258761
271543
6745
806027
28355
51065
85694
35823
1104694
1187043
39931
304820
65872
1530487
78382
819755
1433856
307057
87587
1140941
33175
53772
32636
57318
60879
69421
138674
227194
21873
23241
64828
51786
884762
63094
418815
41746
892404
892074
48191
94642
57933
45070
312859
82479
47840
863136
65233
245209
68286
43044
1391544
59555
62728
30865
59729
42039
62277
1594971
44811
40745
36367
135014
139717
50271
21874
220016
47101
238859
34902
18526
154129
281859
1183276
101664
45758
79432
107086
41515
50569
61389
1020543
47550
396630
71458
1572150
54102
62827
93791
60099
58745
1611931
23825
454990
88241
1202202
12651
1428050
23911
33110
56341
78878
41373
53729
466214
55073
20876
59829
47167
58124
21106
89821
55571
496253
61597
68675
66318
59447
495705
11541
32946
12255
1792061
12224
121411
13025
110076
56308
422258
84164
62203
13422
69080
45029
43938
860906
39502
54653
37420
46446
184115
214529
111038
1539107
29577
465326
53003
41672
86484
882978
206569
50915
1590050
56279
373960
76319
372303
1801038
1156506
110747
1331095
1334585
1797363
47279
49881
69745
20570
39895
51667
405455
1587854
68458
50156
53752
1561435
25791
292081
918575
40444
367204
234854
446510
403962
73190
45049
1841487
962781
416773
306811
1105294
1255951
34251
19195
45102
79756
104693
52281
100791
37615
97332
308090
103800
64041
419641
106684
70748
14497
17449
45907
95788
72149
66939
53912
25718
109962
23450
91865
66416
38668
83713
50135
36840
37054
999913
36919
32610
1825918
112710
328952
88454
1365023
1284509
73634
51915
99927
31311
46008
1675167
139735
189102
52997
449144
163559
1672723
42513
112454
110335
1530970
42247
67119
48130
23225
984155
126004
46432
1461418
96842
109162
154467
71788
42665
1226036
65895
140336
69989
30996
67467
77751
52957
21375
371853
76107
28558
58266
41415
69854
6826
1507566
107903
73096
160801
32028
1177179
256939
58318
100409
383678
7145
58050
1541788
7880
1129405
61634
1366409
91175
1056117
130200
97951
82883
70898
195119
1543055
949861
199031
121817
389052
37946
85635
221298
59758
119264
77860
76652
493044
55927
1076780
72204
145007
64247
159542
27221
455565
395479
89851
93832
131409
163914
1043753
214311
323339
109770
120428
332166
1227548
116341
1817753
39340
90265
65834
2164862
1542928
417416
1039992
31650
483179
114308
43118
141762
2155247
300444
412608
2109106
412852
492060
352468
285089
53242
199741
54197
443284
486560
41473
1507408
83283
314325
996957
345616
2366710
970965
440410
1035729
85739
1645164
29571
926317
1422598
452332
128137
43150
385330
804504
39288
16829
2406990
239879
495813
275413
489093
30657
79002
80623
85864
1144579
75939
264813
37848
79891
86301
393493
1595364
2354103
471239
492337
77547
68294
63013
97550
295052
113376
101256
49224
1634016
447221
33288
1570594
34514
348254
373873
71163
140826
102394
24549
107519
1869593
122565
64179
267989
185048
74356
42650
2507488
242424
64038
2344672
66215
2400660
44110
96440
1159943
818931
65400
2519480
876257
113286
1587848
1337601
122685
2655938
1937189
1290732
1555904
98048
51182
99151
1459858
20062
134790
87001
2429312
2316787
493129
222012
2780668
60440
1697064
111552
2088754
65380
2140203
179183
104467
95483
2400975
32030
70233
7264
2332523
53399
109167
2261629
1172992
60112
87117
2284766
429245
1407939
443091
54601
93970
67622
80000
218127
806940
1060256
1354556
109761
60291
61411
62150
51690
282934
103092
50485
2292959
45077
2243246
98208
44453
50432
31143
60126
1570090
66735
68455
57583
2185178
2354495
74533
113926
67004
2660636
100031
1082862
50722
333395
1488060
94651
86340
1753653
1638939
53272
64684
86896
80616
256749
69371
2856738
77247
33366
92146
2343617
65776
88765
83900
2973064
109498
785012
290014
2165955
347330
1250757
46164
71679
2396226
53651
54881
1890371
51015
2215562
2628830
860907
120381
2167873
35022
129767
2421662
94962
91560
1596572
60434
44477
3216510
106683
64688
65744
57967
57556
66221
77233
87373
3415676
80764
2421234
68692
2928078
3194532
8950
124621
3011874
2227830
185157
76706
82461
271984
2178929
47220
39595
49453
69117
25725
99557
52382
135520
135673
29695
27908
2285557
267659
116446
78838
85627
2063008
44417
112990
405280
73168
1002581
204714
328955
199444
1744612
2206354
2671600
997184
36882
2127295
52104
3070936
78238
1552624
80116
3146360
72201
94094
58981
2262010
1619813
99172
57960
70788
44013
71610
27272
109098
67377
3261740
2359712
28665
87263
2364066
3105418
88402
831387
69986
1791680
75993
79631
78034
49870
75848
69086
276578
45544
61927
26891
54367
56350
77769
38354
2536612
55459
79966
41387
70580
29949
2582802
70346
64310
81405
2016872
54651
51019
91754
98492
52662
56897
19504
21542
36189
30676
3793686
5339
297314
150021
1059238
75801
3564534
58622
51844
945365
1765980
1029154
54753
61140
3330828
1852805
79936
3981072
70578
56082
308188
1891917
39244
57920
17374
444875
79615
218966
116014
36625
208502
147310
4047734
2233983
67315
2319632
3202968
902999
50714
229957
2316325
2942250
32263
3104818
473719
88805
159603
166973
76760
97074
62384
4282
438974
150176
29058
25880
29395
26606
55864
92802
2093977
40257
160345
311060
35617
940813
48640
38452
87129
43153
38458
62363
83931
129602
135608
188773
162046
191310
191227
1253594
1798638
82084
75666
2319797
1757733
2195566
84781
13386
64269
1194616
50323
377057
89741
23973
51605
50483
202310
174719
175001
3919322
2429278
40335
42257
45197
52780
65243
3068192
98415
2722780
493260
315488
343827
174772
60143
115899
93964
34841
65693
65185
62712
3591608
65441
82193
38965
1599351
893381
39376
57912
55227
59471
41169
69318
58512
118167
75260
77130
90601
196931
203302
1918657
559625
559649
67359
97176
439771
21413
137799
48593
1714196
60893
41882
1946298
31477
85328
410554
140340
72189
43687
494260
23943
57212
53354
114137
1630029
55534
165993
104469
29087
36581
49280
29516
47597
58238
44075
23322
58585
25833
29541
27428
445461
55453
107392
42674
67983
309986
163375
54244
36533
60395
70158
51759
951333
44015
63236
63098
49834
47501
55151
49682
20479
43079
22981
50580
68748
40438
33858
24465
76644
64691
3878542
192802
50771
96160
56673
342739
59298
38929
23202
49035
52148
61401
50993
61173
73880
495225
134833
24413
25704
416730
239797
82209
1683941
211015
150648
387301
21004
1013746
79636
114583
92159
179624
287670
1013528
41474
2197863
252993
462673
26683
58719
145528
1496792
50633
497204
6761
2554128
289782
2536316
59550
151416
3158416
1578269
1580427
84887
63570
46352
61646
63568
49539
1420554
2226495
192578
206588
3124476
68183
87386
52234
36391
89265
105127
54037
106301
308558
76555
80401
1379228
2132486
74788
90593
73735
93986
972385
67710
40137
367495
71864
3252360
1927124
119310
70599
76112
67236
38155
74703
72007
64626
144246
1863280
431764
429807
54358
864911
50717
1271973
252985
347623
98606
310741
2719094
3645074
949863
67418
147374
73845
1568863
4139412
4377918
226009
124296
4212378
75344
66212
33337
1278060
180872
80802
207377
95183
92822
106902
62732
76670
79757
3496372
67344
825279
1640103
1201143
427219
1114698
46722
92863
56957
64577
78294
72651
3280916
2335740
319031
87385
90079
91165
93315
94592
92217
98411
91909
124869
94037
181012
73601
94941
88255
80809
94946
85547
1272010
52680
88775
85546
80465
460557
3837070
344943
3135128
2023500
288808
4338148
59773
130671
65677
47479
67306
2404217
64895
56661
456144
142633
50087
20590
378936
378549
85486
74473
207415
169810
2632340
92238
1094584
73340
1610444
1950222
1478433
1474579
3155242
1534017
74570
110500
94015
17813
26739
242519
66216
104870
393684
29951
300470
52343
46468
49973
1881060
59529
2556308
114234
86343
79362
79228
995031
432047
291376
93645
66914
77917
459516
1075340
13690
210804
1480201
28799
48217
62207
79211
52921
76208
1502397
84698
91091
193524
1309463
1636727
3973410
71258
6517
2660888
138986
205957
75357
400762
248428
68161
2199711
94374
364647
80971
290820
408730
53879
74087
49593
111190
114306
1038072
200755
68657
69235
63288
56883
1708497
100265
57897
189072
369903
3025994
4215766
78848
189071
253658
290057
357139
189070
418141
1777608
2586070
2162709
808508
94813
200208
41423
43325
366919
396963
1906471
107606
104942
1082863
835498
114376
39583
2664080
1010054
88200
303151
487176
459437
125015
61719
141871
1571730
78963
51349
1331126
108480
294264
2328487
1843912
75347
169543
3611354
108339
1798148
171849
107259
107260
113273
1704731
2318158
2356302
3267334
3417870
178057
2877108
458050
2152896
4328798
1483820
90345
171095
310279
134749
75803
143213
1501298
202055
173870
68562
75620
64563
3620298
1679270
1329370
246643
3645848
147995
56472
80966
58241
1189078
47862
55423
3326110
93910
91213
1350484
87589
173906
79111
455829
1677720
282521
846787
156091
1339686
63421
345177
24373
847526
77973
762070
62113
3948786
218616
15634
36301
4180576
4429128
46120
1625545
59116
3123116
56072
827179
69375
115638
80379
40971
1895408
1654082
3668162
242256
1954206
1180583
256607
2765306
463959
77834
135031
29819
56467
389721
1233487
442781
57521
202415
117927
75838
71782
2094949
1170352
134070
2450042
7610
197857
66075
83677
104575
59437
482374
499004
51828
51211
3817962
155671
83936
55644
1092287
2825120
1156479
410537
6689
7507
97410
7162
425137
97971
58660
45072
24703
87742
1941653
3144708
71535
1292561
4025514
65470
90788
69141
78976
4342172
57535
63979
55106
59589
3800796
188194
115004
4176604
245977
123102
91328
32686
128974
117437
233422
118931
2445488
152836
218533
3631388
67197
3509270
60450
79200
99377
61626
240659
57422
109673
78528
113007
3681154
81165
4119270
62859
291855
70687
84452
217590
218831
37313
3646462
76513
63272
42697
30277
40246
85755
3504542
1532515
2075247
1758563
52570
67511
60975
1075380
200052
498719
495241
99430
127624
319736
78010
1552987
76593
76052
92144
84845
3569544
67532
138074
1872823
1603463
1032764
1330015
872007
31058
2040537
54756
63381
3094914
83261
826039
80546
114577
204870
77449
272087
3001186
39676
28509
104119
84096
2087838
1607568
47978
1946193
240610
1988699
93611
75756
782847
55119
50692
2444006
73715
1851988
9369
55839
27688
423372
71644
2964120
2377398
30694
4293698
76149
124437
1437361
183965
278291
66963
259602
104298
315632
53806
339918
62493
3956642
57558
58920
82813
281365
1735363
362771
1587109
366985
426075
396563
490599
230613
302525
309973
310118
360454
402144
341378
178812
191356
1218342
424810
1190710
1347513
451833
349878
106372
428443
74190
294525
79202
72648
294548
1110059
440730
59655
390500
34076
460724
409785
368726
810871
392364
826237
114445
811095
60787
69690
358947
1786650
150767
436396
64729
70783
897413
99384
385932
792985
37993
222299
356298
50987
47962
309012
268013
98624
488798
982851
1209397
275256
382627
1105709
1122593
450302
209143
922525
63544
111505
264121
56703
288276
397363
1789697
783798
54827
870117
481821
59369
406929
970499
1630603
325772
304483
126562
95967
381551
50912
180316
379065
1705118
40639
120137
924004
1170410
1148239
175743
1961210
1836918
1349455
1058078
60114
222713
1986914
58523
19486
943415
2641152
2261247
384309
1332036
316196
3554456
4477652
5437970
230057
373796
156770
306894
2738218
1891788
300060
135167
92720
65378
5177628
309047
1609168
105271
1355546
1922545
422908
374099
875140
1463410
32262
20701
64493
5491920
1449183
51927
220640
182730
164063
26132
479926
100581
479872
1978354
79191
85375
405677
54628
78073
49101
3595550
2145782
347909
76516
47121
1821317
3901628
1679215
62693
389371
3662
25883
159620
3828796
92669
82338
33403
111329
1263692
2395421
52818
3906082
85863
2066145
3868344
115919
5200962
3715854
61067
90592
920457
2555958
4258292
1705772
5178278
4987556
4806232
5128328
4937812
3320578
1857670
90744
99043
368400
417241
807944
1039952
984177
1388441
377321
984202
90918
91570
152979
877335
161981
205451
3422000
4188654
439676
70588
4157292
463028
304876
1252566
2931334
450061
1028561
461539
1284578
2085787
2305348
1682366
1877747
56223
74144
269342
3243302
1157712
103008
5208584
315280
1891755
449951
1655607
376144
375878
1725795
464071
376127
376076
1436475
80485
77278
65788
66920
4016934
65138
2194492
2391833
1857772
2577666
1235534
1849868
84408
135534
46333
2072214
1545473
222730
1409611
167688
1152712
80648
63531
79882
1404380
855739
1667418
56110
104874
98972
68662
382205
326325
92855
28931
40861
39490
76440
1784486
46714
78978
50545
51507
80321
86476
1480648
2263814
145579
183001
124014
5613056
175471
53214
1654024
5275830
5503594
41771
217898
2821660
275584
2893616
275343
5065810
81421
65750
67397
255264
62065
63625
2056554
67783
85175
2062478
1243617
103984
968743
92967
1517471
5489954
61612
3598648
2147199
5071886
795927
315985
97136
252133
329913
128725
357282
57892
190583
66268
369901
2248926
102619
66258
497639
47464
139610
49125
68622
127834
27133
139726
52389
73734
186531
56640
2166214
290937
5570934
2464486
3784444
979953
276370
78320
156734
1538465
54008
352561
4336182
306606
308402
80632
58101
76582
3205064
4776436
84541
491603
3000844
54826
67576
2281239
88757
70710
